# Forecasted 95% CL sensitivities on Dirac-delta spike spectrum for CMB Stage-4
# See xxxx.xxxx for more detail
# Columns are: k_0 CI BI/CIP BCI


1.000000e+00 8.063969e-02 5.486173e-02 1.799456e-02
1.778279e+00 7.676848e-02 5.453757e-02 1.746892e-02
3.162278e+00 7.450265e-02 5.442344e-02 1.715492e-02
5.623413e+00 7.306712e-02 5.432500e-02 1.697123e-02
1.000000e+01 7.230118e-02 5.422560e-02 1.684225e-02
1.778279e+01 7.188796e-02 5.420242e-02 1.684063e-02
3.162278e+01 7.174572e-02 5.417334e-02 1.692374e-02
5.623413e+01 7.200942e-02 5.421501e-02 1.687437e-02
1.000000e+02 7.298930e-02 5.422872e-02 1.712116e-02
1.778279e+02 7.696099e-02 5.400177e-02 1.804288e-02
3.162278e+02 9.121743e-02 5.176860e-02 2.065344e-02
5.623413e+02 1.534369e-01 4.359192e-02 2.390830e-02
1.000000e+03 3.417765e-01 3.067120e-02 1.944658e-02
1.778279e+03 4.368713e-01 1.997370e-02 1.291255e-02
3.162278e+03 4.230867e-01 1.794760e-02 1.116527e-02
5.623413e+03 3.681490e-01 5.632384e-02 2.794866e-02
1.000000e+04 3.425104e-01 4.042178e-01 1.655907e-01
