# Means and 68% CL intervals of H0 with Dirac-delta spike spectrum using Planck 2018 data (TT,TE,EE,lowE+lensing)
# See arXiv:2108.07798 for more detail
# Columns are: k_0 CI(Mean) CI(-1sigma) CI(+1sigma) CIP(Mean) CIP(-1sigma) CIP(+1sigma) BI(Mean) BI(-1sigma) BI(+1sigma) BCI(Mean) BCI(-1sigma) BCI(+1sigma) 

1.000000e+00 6.720291e+01 -5.664308e-01 5.664397e-01 6.775207e+01 -6.582970e-01 6.028949e-01 6.769929e+01 -6.087949e-01 5.938451e-01 6.750250e+01 -5.689241e-01 5.589125e-01
1.778279e+00 6.721807e+01 -5.660242e-01 5.906140e-01 6.775462e+01 -6.490391e-01 5.935043e-01 6.769386e+01 -6.185764e-01 5.791377e-01 6.750084e+01 -5.617431e-01 5.514059e-01
3.162278e+00 6.720135e+01 -5.724800e-01 5.868560e-01 6.774232e+01 -6.551667e-01 5.865926e-01 6.769938e+01 -6.240199e-01 5.915274e-01 6.748745e+01 -5.799025e-01 5.535727e-01
5.623413e+00 6.719866e+01 -5.690661e-01 5.956862e-01 6.775967e+01 -6.447953e-01 5.924700e-01 6.768729e+01 -6.139707e-01 5.835542e-01 6.748170e+01 -5.753623e-01 5.530313e-01
1.000000e+01 6.720793e+01 -5.738909e-01 5.762356e-01 6.773414e+01 -6.567999e-01 5.935504e-01 6.768648e+01 -6.231890e-01 5.846892e-01 6.751928e+01 -5.712087e-01 5.492916e-01
1.778279e+01 6.720948e+01 -5.659205e-01 5.684074e-01 6.773932e+01 -6.623881e-01 5.912126e-01 6.769176e+01 -6.364626e-01 5.738808e-01 6.750729e+01 -5.736384e-01 5.473925e-01
3.162278e+01 6.720425e+01 -5.681188e-01 5.849001e-01 6.774186e+01 -6.540505e-01 5.858235e-01 6.768142e+01 -6.130022e-01 5.742895e-01 6.750826e+01 -5.820375e-01 5.393208e-01
5.623413e+01 6.720507e+01 -5.658166e-01 5.766853e-01 6.773589e+01 -6.446476e-01 5.827918e-01 6.769404e+01 -6.371264e-01 5.843079e-01 6.749440e+01 -5.737993e-01 5.481657e-01
1.000000e+02 6.719345e+01 -5.559389e-01 5.763377e-01 6.773323e+01 -6.475700e-01 6.033905e-01 6.769278e+01 -6.239311e-01 5.955044e-01 6.749124e+01 -5.726056e-01 5.650651e-01
1.778279e+02 6.719758e+01 -5.850142e-01 5.852173e-01 6.771077e+01 -6.192841e-01 5.934104e-01 6.768612e+01 -6.334313e-01 5.645056e-01 6.749027e+01 -5.685541e-01 5.560638e-01
3.162278e+02 6.720736e+01 -5.916956e-01 5.728745e-01 6.767834e+01 -6.146424e-01 5.786518e-01 6.766368e+01 -5.996729e-01 5.749888e-01 6.751313e+01 -5.679884e-01 5.434839e-01
5.623413e+02 6.712680e+01 -5.507477e-01 6.370131e-01 6.758091e+01 -5.654573e-01 5.694589e-01 6.758014e+01 -5.685630e-01 5.711575e-01 6.748996e+01 -5.668740e-01 5.329194e-01
1.000000e+03 6.681546e+01 -6.591537e-01 7.801795e-01 6.748041e+01 -5.544075e-01 5.479240e-01 6.745356e+01 -5.672591e-01 5.420337e-01 6.744080e+01 -5.537860e-01 5.613698e-01
